36 50
만족하다 0.009463048 0.08804287 0.09144115 0.1591193 -0.07301797 0.37607956 -0.38823077 0.48571518 -0.24007078 -0.018787794 0.117427 0.963275 -0.15436052 0.34152034 0.2727093 0.48887247 -0.09866865 -0.6637831 0.3684375 -0.5063961 0.03367978 -0.50750935 -0.25131744 0.11858735 0.7368091 -0.26832044 -0.11426864 -0.061619777 -0.010653841 0.18368842 0.015785005 -0.41296032 -0.06547453 0.21686494 0.19148852 -0.40566096 0.23626763 -0.12902652 -0.09793058 0.43309614 0.06279836 0.6130649 0.41772527 0.07521086 -0.21381404 0.24694769 -0.034507968 0.6134322 -0.05496401 -0.33406636
배송 0.29144058 -0.35060537 -0.18489751 0.074475914 0.41220954 -0.18590148 -0.3270932 0.42981717 0.1386879 0.15445112 0.4225532 0.63081723 0.056608357 0.6954852 -0.32253402 -0.097797826 -0.034397617 -0.45916224 0.03111967 -0.14844644 0.0056817825 -0.46051052 0.16616534 -0.14808427 0.54621375 -0.20812733 -0.41421384 -0.36557046 -0.5454636 -0.18754724 0.41306347 0.5005818 -0.17523983 0.7738101 0.17748226 -0.15087736 -0.44966146 -0.62275225 -0.040516492 0.18271957 0.09141767 0.4056062 0.11232189 -0.23123132 0.7115263 0.3677168 0.021156661 0.53394395 0.50068784 -0.6085177
불만이다 -0.10816415 -0.20958859 0.08056311 0.14160046 0.35328403 0.27023673 -0.14736098 0.08079718 -0.21913628 -0.4815007 -0.08409733 -0.09056899 0.10033639 0.19801046 -0.058415696 -0.19252361 -0.21276923 -0.75530064 0.057773244 0.06313553 -0.12855706 -0.16224279 0.313628 0.09510346 0.54186815 0.122158684 0.3676081 0.20712362 -0.47630793 -0.16788101 0.03202639 0.66506565 -0.48068792 0.45379552 0.23315553 -0.28522256 0.005300958 -0.6925206 -0.51161045 -0.30642912 0.8551746 -0.56708354 -0.29089212 -0.3141877 0.4207513 0.3740451 -0.10662719 0.1910595 0.67290556 -0.6529752
칭찬하다 0.35708874 -0.05756746 0.14035511 -0.068197325 -0.063989274 0.63181657 -0.31881544 0.29539546 -0.09631822 0.286029 0.5387292 0.6503731 0.10959584 0.24944133 0.17911051 0.77353936 -0.31310865 -0.61362654 -0.49497446 -0.41438845 -0.6290025 -0.40758842 0.13170369 0.21052396 0.77422863 -0.44025442 0.30445504 -0.5551292 0.19592184 -0.28050634 0.4331808 0.11954742 0.117739886 0.22706217 -0.053403717 0.26509622 -0.22304212 -0.2199819 -0.35329425 -0.15871856 0.0945955 0.4765779 0.23878051 -0.18744662 0.41150978 -0.36162618 -0.07915422 -0.36789206 -0.15231323 -0.15089595
사용자 0.08868908 0.13740104 -0.22180063 0.24782826 0.13141808 0.07505794 -0.18371081 0.7122529 -0.3540981 0.12776428 0.38596347 0.5285206 0.46346432 0.42952737 0.11894262 0.09476466 -0.4905508 -0.6618444 -0.17710844 0.37341937 -0.652442 -0.22360656 0.17661892 0.13656613 0.88300383 -0.3956066 0.2466097 -0.535944 -0.2258821 -0.75002635 0.23713213 0.7821691 -0.364068 0.6715432 -0.021521995 0.3109002 -0.24845542 -0.31123748 -0.27561998 -0.29613173 -0.057225205 0.08353127 -0.31196627 -0.052602343 0.4655587 -0.055020284 0.39862326 0.0011545501 0.40039086 -0.5781738
빠르다 -0.14388782 -0.27228624 -0.24996601 0.007919775 0.34435207 0.26048148 0.13455044 0.3899013 -0.12364889 0.118463285 0.18930063 0.26577228 -0.13010174 0.5550626 0.44339892 0.5235683 -0.23330668 -0.6518279 -0.122241385 -0.44247574 -0.45825982 -0.76424617 -0.07340718 0.5909999 0.49128994 -0.3999178 -0.24824333 -0.013580931 -0.53290313 -0.537747 0.093895935 0.3064418 0.2419522 0.43804196 -0.14980711 0.40258157 -0.1668085 -0.28470474 -0.061546274 0.13861011 0.42121997 0.34059697 0.45692563 -0.3542511 0.090229265 0.16701645 0.34656322 0.05047091 0.14068054 -0.81626594
고객 -0.0075589684 0.17001754 -0.2539857 0.21287072 0.48168236 -0.24568252 -0.30282563 0.36697644 -0.10847999 -0.15411742 0.2282392 0.37618864 -0.028591583 0.09149775 -0.3057351 -0.14816828 -0.29798043 -0.5168904 0.2840751 0.106704794 -0.20784156 -0.45094472 0.34044355 0.17640202 0.81008315 -0.28815317 0.017560396 -0.2775234 -0.508981 -0.23117666 -0.037711915 0.44067407 -0.4866318 0.68032163 0.1065537 -0.12820703 0.16926782 -0.645012 -0.42225972 0.28369352 0.3324686 -0.0334397 -0.25977284 -0.22818826 0.706429 0.13630407 0.0251568 0.43024743 0.42355642 -0.71225864
택배 0.12873234 -0.3818423 -0.19937685 -0.12986787 0.51885754 0.17662653 -0.13910304 0.38523397 -0.3179602 0.04941519 0.4785883 0.4189054 -0.00535539 0.5157816 -0.12648292 0.27979875 -0.021209855 -0.5549564 -0.37679186 0.01700082 -0.35033104 -0.27523664 -0.017153526 0.2269709 0.91989243 -0.36516532 0.16110252 -0.30110174 -0.23094246 -0.38827747 -0.044181157 0.34950775 -0.020566124 0.45426103 -0.013657738 0.025020942 -0.3387798 -0.3040948 0.029369643 -0.06262976 0.33821005 -0.041659847 -0.04578731 -0.20028369 0.28571436 0.41618103 -0.017108928 0.09180364 0.18899256 -0.50231624
오류 0.3819949 0.20857903 0.009779546 1.037431 -0.15976319 0.26709625 -0.28129047 -0.31798926 0.20003442 -0.8640269 -0.06971715 -0.37794533 -0.2778178 0.3453135 -0.30710426 0.063020326 0.8976346 -1.0009967 -0.18590795 0.3424134 0.4238785 -0.044478174 0.3416265 -0.042134378 0.47399217 -0.05619364 1.192105 0.19027008 -0.8445302 0.25112042 -0.30711892 0.48775747 -0.2963918 -0.046963207 0.020257248 -0.53764147 -0.2815599 -0.76626414 -0.70812666 -0.4129397 1.3159093 -0.31035745 -0.0045521883 -0.33568272 0.028326334 -0.37721217 0.20113258 0.78823143 0.7069595 -0.40703982
지연되다 0.30905077 0.12516354 0.090926796 -0.15451542 0.5926414 0.14598316 -0.36044472 0.49177787 -0.26810586 -0.3749287 0.5185741 0.018089743 0.3642645 0.411808 -0.4295497 0.12237262 -0.26531065 -0.52955025 -0.08362597 0.46608514 -0.33897048 -0.048250597 0.36816445 0.35647008 0.78993356 0.16695684 0.6229116 -0.36351162 -0.3898898 -0.8350453 0.057186916 0.9430831 -0.32321918 0.93482417 0.18094623 -0.11623448 -0.4449929 -0.69147617 -0.46034157 -0.35340697 0.69337916 0.048165124 0.02207493 -0.3880804 0.44673684 0.2920937 0.12368778 0.074232616 0.7347433 -0.2704231
발생하다 -0.07721784 0.13816628 0.29848814 0.85224426 -0.14267774 0.20649892 -0.21606304 -0.29696816 -0.20697637 -0.7035162 0.41228285 -0.1151076 0.04088015 0.58316594 0.013858577 -0.3938862 0.72570527 -0.80450743 -0.033798635 0.36441952 0.1903723 -0.27859968 0.119721726 0.1685344 0.3893693 0.10033523 0.9228214 -0.09250002 -0.39595196 0.21646148 -0.11017138 0.23514634 -0.6577864 0.05414807 0.113634765 -0.44512457 -0.37474397 -0.9962346 -0.52883524 -0.65413386 0.99419266 -0.5580627 -0.13368222 -0.43278095 0.21931408 -0.42233455 0.17340364 0.5477679 0.7018408 -0.07184875
좋다 0.38496652 0.09470492 0.19011556 0.55880105 0.2790189 0.403935 -0.1670584 0.1549795 0.20097214 0.37964618 -0.12451934 0.39427215 -0.031696875 0.18566953 0.76525605 0.52489454 -0.047223963 -0.78314126 0.20221876 -0.48837727 0.35299337 -0.2823588 -0.6654226 -0.52688086 0.31488213 -0.2966942 0.49109554 -0.26226142 0.018476589 0.18220516 -0.1160823 0.08118009 -0.52089435 -0.41866937 0.011311148 0.38583764 -0.030194445 -0.9054594 -0.2439497 0.64671105 0.3898902 1.0127058 0.61028516 0.44660974 -0.2701355 -0.46979326 0.33865064 0.44303197 0.24712904 -0.2774695
품질 0.041289307 0.074507885 0.005941645 0.34346703 0.14082704 0.50349337 -0.35616887 -0.036043786 0.04886752 0.5220356 0.13755119 0.5231792 0.34108442 0.35425562 0.8285806 0.69943255 -0.28080133 -0.72822237 -0.29722977 -0.07831986 -0.30738616 0.114014395 -0.6217015 -0.25091243 0.5749084 -0.4615891 0.4667004 -0.26300508 0.13870786 -0.23225601 0.22806013 -0.011098694 -0.23604487 -0.24619183 -0.13497294 0.61534464 -0.2005295 -0.69940144 -0.22748981 0.51780266 0.28085086 0.8884632 0.9357425 -0.11288624 -0.13037665 -0.78706235 0.20816855 -0.21369426 0.40787652 -0.03793104
상품 0.29038218 0.21250163 0.0470905 0.6928172 0.21274725 0.5108882 -0.10053592 0.034161102 -0.18378697 0.19023262 -0.20444252 0.7214591 -0.17491214 0.20703185 0.73971593 0.64712185 -0.026720578 -0.57882667 0.36103648 -0.67425764 0.42312068 -0.1535152 -0.57778823 -0.50388217 0.590794 -0.10655059 0.43045026 -0.3921075 -0.04271954 0.42619932 0.09276233 -0.15479927 -0.22555113 -0.08165233 0.009387898 0.35272253 -0.2066595 -0.7560017 -0.4253253 0.48497197 0.48307398 0.9635774 0.79733413 0.48271966 -0.3463965 -0.45842692 0.34178373 0.3358522 -0.011530402 -0.44542807
추천하다 0.70363176 0.25026664 0.08277162 -0.25106728 -0.62770844 0.18213119 -1.0540615 0.06689062 -0.073706 -0.058032434 0.1457948 0.265735 0.06809837 0.6157243 0.5688805 0.9441895 0.32626697 -0.23176727 -0.38056225 -0.16636282 -0.42128 0.5684948 -0.28165677 -0.5628158 0.8307257 -0.02718205 0.79938877 -0.40716252 0.0121458005 0.5238421 0.1791957 -0.070496514 -0.15240324 0.17185403 -0.07677168 -0.14706838 -0.19554605 -0.66702497 -0.1615958 0.5244172 0.50307494 0.7169539 0.9587195 0.044871304 0.056706734 -0.8370702 0.48773834 -0.22587247 0.013810156 -0.043950006
뛰어나다 0.8481069 -0.29801622 -0.19370382 0.4582914 -0.23632081 0.39172325 -0.34214213 0.061774675 -0.5578775 0.3984092 0.12251802 0.61453307 0.26855913 0.98509467 0.60870063 0.8755728 0.25140783 -0.48240614 -0.41493255 -0.27917066 -0.06028018 0.4522235 -0.7986345 -0.050158355 0.95752454 0.23767394 0.6770212 -0.4898074 -0.07605226 0.29317513 0.4625562 0.23323332 -0.4579503 -0.3346406 -0.11898903 0.3600868 -0.7730892 -0.4337927 -0.2444117 -0.297623 0.12307171 0.6017312 1.0245508 0.39469862 -0.079586044 -0.7223578 0.78256696 -0.15481855 -0.21043745 -0.15503341
성능 0.23531348 0.10523224 0.16576573 0.32305056 0.001496293 0.40271863 -0.5142567 -0.16543208 0.040183082 0.4065985 -0.13614851 0.45924 0.27644777 0.31442988 0.7249656 0.8592929 -0.09332325 -0.6382755 -0.097365804 -0.0755061 -0.2906409 0.2973153 -0.679089 -0.28883812 0.5286392 -0.2300702 0.6238801 -0.08146663 0.11119452 0.024996676 0.10593054 -0.1380445 -0.3373852 -0.32998356 0.043972965 0.34033394 -0.14676654 -0.84883314 -0.47174972 0.6808544 0.324731 0.84479654 1.1357514 -0.07506727 -0.27442622 -1.016564 0.27754945 -0.12962899 0.5191535 0.05692597
제품 0.8540697 0.098744154 0.25286552 0.22344945 -0.3704747 0.5988797 -0.5647323 -0.13345264 -0.27210844 0.4080718 0.38123423 0.73622316 -0.03339784 0.7988674 0.79807323 0.85800695 0.31405464 -0.38415134 -0.2950831 -0.46792775 -0.20454966 0.09723681 -0.617881 -0.24017587 0.84235764 0.012027462 0.7316775 -0.24440613 0.08754375 0.24518974 0.15942654 0.21760865 -0.35643142 -0.3136954 0.03341382 0.38712233 -0.66756994 -0.63792706 -0.5601108 -0.17694546 0.14627184 0.7051505 0.8255768 0.38935125 0.10785401 -0.66359246 0.5196113 -0.34386608 -0.25752154 -0.0018124139
불편하다 -0.18693447 0.0031035969 -0.055173576 0.9394455 -0.41012764 0.30722618 -0.2451081 -0.42018747 0.010130363 -0.85705715 0.15358645 -0.4781905 -0.26879486 0.5693915 0.032105073 -0.02535987 0.78155625 -0.75451845 -0.27375343 0.3686956 0.37215132 -0.2199121 0.13233984 -0.35859963 0.32243502 0.1972506 1.0038308 0.0022432085 -0.6385402 0.2506759 -0.19731316 0.21936744 -0.63997185 -0.04884616 -0.040092573 -0.16908449 -0.4191655 -1.0036652 -0.6132997 -0.27560392 1.079726 -0.2935108 0.24206127 -0.35130653 -0.30183744 -0.87302196 0.35967767 0.5043571 0.89048094 -0.29258597
신속하다 0.05055174 0.018235901 0.17374194 0.1366434 0.47205335 0.08009525 -0.35658383 0.35061145 0.22475427 0.15472063 0.009142528 0.36784387 0.048672706 0.28145698 0.27377376 0.061317936 -0.20237672 -0.55276406 0.4392816 -0.42100134 -0.20461565 -0.60596466 0.09378932 0.026210202 0.28921506 -0.30401143 -0.4167808 0.036468305 -0.50202894 -0.25261936 0.097871356 0.45645604 -0.18720102 0.6532288 0.20695065 0.10531173 -0.038718402 -0.7249417 -0.34351104 0.5244173 0.31308505 0.4262368 0.24030708 -0.12674913 0.40001896 0.22351539 0.22424228 0.32570928 0.6196437 -0.5279471
고객센터 -0.00224658 -0.009377199 -0.26639873 0.45416576 -0.33100602 0.16674154 0.20010258 0.30041474 0.42117298 -0.21309379 0.110206805 0.38968888 -0.49718148 0.17670275 0.23733497 0.65490556 0.05902628 -0.6969515 -0.40247935 -0.36504555 -0.46023196 -1.0615504 0.08380301 0.37526712 0.71254236 -0.6884668 -0.33619037 -0.45892343 -0.16479392 -0.26871118 0.04120343 -0.4275069 -0.08575535 0.2911522 -0.36511824 0.20276006 0.14767526 -0.7246439 0.03202434 0.49778774 0.6082037 0.59772265 0.15784043 -0.32168382 0.07030621 -0.49071684 -0.06500523 0.35068154 0.41701826 -0.797812
친절하다 0.036454894 -0.36757335 -0.31836224 0.39082974 -0.25906745 0.41408297 0.013043973 0.3958825 0.030874595 0.07782233 0.3723809 0.3491567 -0.19874778 0.52634454 0.43032598 0.6030895 0.21536276 -0.7684882 -0.36531916 -0.6001818 0.020134823 -0.60586995 -0.09890602 0.0053157224 0.50692326 -0.785788 0.12175918 -0.63764286 -0.45739093 0.21929093 0.33010525 0.15620829 0.39291254 0.12341251 -0.1693871 0.2645787 -0.20835975 -0.019161355 0.11948916 -0.09676265 0.2005548 0.2217281 0.38429102 -0.20091714 -0.14910793 -0.50884765 0.5186638 0.36871696 -0.25450897 -0.73146087
가격 0.39071852 -0.06684053 0.2626476 -0.32447958 -0.4710541 -0.28078094 -0.7444325 0.52694476 0.35573956 -0.463438 -0.066146225 0.07122349 -0.2167068 0.3406165 0.08324712 0.6981165 0.6891434 -0.21488729 0.24041781 -0.16266765 -0.5560019 -0.11938165 -0.51028705 -0.37449446 0.7443981 0.27585733 0.5606273 0.0036604842 -0.17146178 0.5010978 0.005981393 0.09938768 0.14120974 0.32958758 0.1339085 -0.57132435 0.1728091 -0.5428517 0.10347974 0.5565924 0.6324701 0.3255473 1.1033639 0.3320916 -0.25779787 -0.43955117 0.42683205 0.44998744 0.33600572 -0.102060035
불평하다 0.13038673 -0.04796221 -0.08066759 0.24028736 0.27003798 0.05018844 -0.60816234 0.8315811 -0.19900039 -0.109099105 0.12432017 0.5028249 0.5264811 0.62928545 -0.112565815 -0.15632612 -0.6775681 -0.624508 0.34117538 0.33266217 -0.3509773 -0.13721523 0.25327975 -0.24627607 0.38484433 0.017688321 0.09348454 -0.32651904 -0.54779726 -0.6426607 0.49315518 1.168991 -0.37389946 0.9202493 0.19170679 -0.17817967 -0.29622352 -0.5807588 -0.39225844 -0.23048244 0.20633788 0.2043915 -0.06865505 -0.11937717 0.6169122 0.2451208 0.3142679 0.42425722 0.85565376 -0.6346355
느리다 0.1555041 -0.0020673969 0.22456242 0.40937057 0.4359649 0.12687987 -0.41383472 0.29104158 -0.17983069 0.07062831 0.24698661 0.48123923 0.14954036 0.7671006 -0.15574808 -0.35934544 0.05637961 -0.38326293 0.6177821 -0.19973159 -0.06897807 -0.42048204 0.4585882 0.42359567 0.3892734 0.35351992 -0.016695566 0.3290894 -0.76159686 -0.33148775 0.4000462 0.7201922 -0.12070115 0.7805241 0.3115306 -0.1354204 -0.2857215 -0.79321694 -0.7339505 -0.18408123 0.20218489 0.45007986 0.41643468 -0.44643095 0.5594022 0.53727823 0.43912843 0.4738872 0.48497012 -0.048277985
리뷰 -0.11463373 -0.01787129 -0.25873747 0.29454535 0.42113444 -0.15608564 -0.4420096 0.4528161 -0.16000889 0.05200493 -0.021067254 0.66409266 -0.008408835 0.6231246 -0.18091318 -0.12136372 -0.3315506 -0.40714598 0.62933785 -0.29342958 -0.118258625 -0.49681 0.32948884 0.23425634 0.4515423 0.26407665 -0.017378837 0.24267593 -0.7548823 -0.043176763 0.4461252 0.56570786 -0.24900404 0.73036826 0.1589423 -0.23995776 0.17797756 -0.55274814 -0.6404285 0.28639367 0.029823188 0.6581108 0.4840652 -0.4416443 0.5675145 0.2417924 0.26925737 0.47824353 0.27878973 -0.5594257
환불 0.23066886 -0.18614161 0.27330038 0.23302834 0.49295726 0.3272396 -0.25863722 0.16409211 -0.36963344 -0.1321314 0.33763775 0.16274673 0.23938778 0.5555864 -0.07061139 -0.26241505 0.22098836 -0.52126133 -0.01833576 0.21928625 -0.28863356 -0.08520633 0.25502127 0.29194376 0.83252674 -0.06888085 0.36229235 -0.048779707 -0.3372307 -0.42318034 -0.107672065 0.6747636 -0.30149943 0.56919247 0.2662748 -0.04095327 -0.31852466 -0.78137696 -0.33877152 -0.43444386 0.608768 -0.4713047 -0.32026455 -0.22264548 0.30702138 0.67964244 0.1862566 0.29335505 0.6739924 -0.15162538
로그인 -0.1380852 -0.0008844807 0.023367558 0.8030073 -0.33449033 0.14992775 -0.09131467 -0.32361 -0.10901941 -0.63034916 -0.030566465 -0.41329575 -0.2882842 0.3280273 0.07327041 -0.22454408 0.6376766 -0.75967777 0.09509466 0.25695267 0.3604486 -0.17184941 0.14400315 -0.15753886 0.45782372 0.1965167 0.984388 0.15413076 -0.5888657 0.25699607 -0.055725735 0.049594034 -0.5286906 -0.008439964 0.017057743 -0.36925414 -0.29196054 -0.952803 -0.4472721 -0.3379283 0.89496845 -0.30808803 0.13051878 -0.30675828 -0.10456411 -0.543673 0.23856296 0.59156054 0.5194685 -0.22124761
합리적이다 0.8045747 -0.03463289 -0.028579377 -0.13104975 -0.5593819 -0.22241513 -0.6699123 0.19380979 -0.4103411 -0.25313145 -0.27090538 0.15786871 -0.27981687 0.72361815 0.246255 0.87926143 0.47936484 -0.20173715 -0.07859896 -0.16108982 -0.017367685 0.46230558 -0.28677762 -0.028033562 0.50365096 0.27221242 0.47941113 0.005895797 -0.34300053 0.5226167 -0.0851586 -0.17999169 -0.5980136 0.2673552 0.1287144 -0.49670738 -0.40973943 -0.41866076 -0.40247643 0.43166894 0.32564086 0.35371473 0.7901331 -0.06351986 -0.3087779 -0.80773574 0.85177606 0.15042537 0.19743685 -0.26254833
결제 -0.04872319 -0.11807588 -0.04580588 0.6455424 -0.013231159 0.034884933 -0.08955763 -0.30685794 -0.31707713 -0.62451 0.34763604 -0.31201664 -0.21981587 0.27210432 -0.11282428 -0.4937258 0.5263159 -0.5874719 0.08330894 0.2741857 0.37261125 -0.07523511 0.25531414 -0.004571477 0.7209781 0.19688326 0.8046769 -0.046690453 -0.5671952 -0.033467025 -0.15533143 0.21315353 -0.59288394 0.17086281 0.049923435 -0.19660927 -0.4773062 -1.0569798 -0.57556915 -0.4310174 0.77945715 -0.4400112 -0.16088055 -0.33691898 0.14841002 -0.1593529 0.21083918 0.5189172 0.55845594 -0.095596574
응답 -0.041893166 -0.15633017 -0.39759064 0.22761336 -0.068227194 0.027977461 0.053506467 0.47319695 0.2193036 -0.020170098 0.21649343 0.38279969 -0.15583487 0.26545748 0.04356011 0.5985661 0.048010007 -0.9663419 -0.22096615 -0.32534817 0.013951179 -0.7042016 -0.009896469 -0.24438053 0.69181657 -0.9994098 -0.12182839 -0.712827 -0.57660115 0.19440572 -0.04652702 -0.15737483 0.21547267 0.3215718 0.045501284 -0.15017876 -0.07240091 -0.35542142 0.13636792 0.43711156 0.19686721 0.17024933 -0.07900605 -0.17696846 -0.028857462 -0.32622057 0.21464342 0.73516136 0.15264091 -1.1125175
잦다 -0.17836836 0.2753975 0.1368399 0.9364164 -0.49831706 0.15459238 -0.07728069 -0.15400384 0.23889938 -0.42340723 -0.060274247 -0.3853113 -0.30148634 0.78293526 0.16345517 0.06016078 0.9822322 -0.75408083 0.07618028 0.5091343 0.0625811 -0.35629132 0.1417217 -0.09249553 0.09826387 0.0639553 1.0278642 0.2174448 -0.6738403 0.37370938 -0.10334003 -0.0532339 -0.4655617 -0.095397525 0.05184043 -0.3895762 -0.18321106 -1.0040091 -0.26582885 -0.46293396 1.0129768 -0.16344336 0.36431804 -0.48828033 -0.1790256 -1.0052108 0.41265944 0.64673954 0.759592 -0.11481881
앱 -0.2299634 0.14668825 0.18598776 0.75710046 -0.57327366 0.36658046 -0.3198817 -0.25057572 -0.05739478 -0.6603204 0.17439935 -0.42135063 -0.13265726 0.70608234 0.043471478 -0.060240045 0.78615814 -0.67361885 -0.23409404 0.46544823 0.13715455 -0.42669892 0.13238658 -0.38840824 0.21653494 0.32263288 0.94113183 0.048005205 -0.5055001 0.20130533 -0.032219496 0.17736836 -0.67456347 0.053077847 -0.025294852 -0.22624546 -0.42300227 -0.8673434 -0.467063 -0.33564705 0.9221742 -0.2792946 0.36452714 -0.28229928 -0.36954433 -0.9705713 0.32530558 0.49606004 0.83051765 -0.09613193
상담원 0.10833011 -0.2869156 -0.33953634 0.5002345 -0.5263921 0.33157048 0.16767257 0.2450798 0.059560817 -0.08184131 0.40987167 0.4311921 -0.2733739 0.55995876 0.3931658 0.49578047 0.24622463 -0.47871193 -0.6366638 -0.1304089 -0.34945732 -0.5047186 -0.17884755 0.46686706 0.7588998 -0.23464835 0.01947736 -0.42414665 0.08754016 -0.27932966 0.3836367 -0.14803736 -0.21876258 0.06289545 -0.42767146 0.40383497 -0.3129189 -0.3223365 0.11557494 -0.39638835 0.39508268 0.43821052 0.3126953 -0.18378626 -0.0124447 -0.4276744 0.1784978 -0.15277049 0.004073156 -0.22399925
교환 0.14390029 -0.3757904 0.05787589 -0.20604984 0.5743407 0.41544122 -0.13767526 0.6307417 -0.46649012 -0.15972151 0.1337453 0.16355304 0.49639833 0.7626735 -0.16869807 0.3929927 -0.20403947 -0.513241 -0.28673053 0.2612692 -0.6571845 0.14663972 0.28788626 0.2063733 0.6750511 0.3407604 0.83719534 -0.1036726 -0.328967 -0.71174717 0.37670356 1.0259316 0.022011185 0.8322795 0.22027002 0.069031805 -0.38264135 -0.58785594 -0.5121442 -0.47185147 0.4044123 0.22199722 0.20177414 -0.49488536 0.07154727 0.44251406 0.39721373 -0.11259541 0.6274573 -0.21912178
저렴하다 0.42800036 0.14555846 -0.1308018 -0.14607564 -0.26404423 -0.27570045 -0.5096221 0.23811103 -0.015810212 -0.22527874 -0.26753226 0.037554823 -0.41560045 0.33953726 0.28604403 0.71195847 0.17636609 -0.2788606 -0.07616096 -0.31863996 0.0070805205 0.037829828 -0.018767502 -0.21277784 0.32017928 -0.24638739 0.0674662 -0.19487394 -0.4036394 0.3942151 -0.20017622 -0.2861589 -0.4397069 0.52668715 0.034993954 -0.3214997 -0.10475757 -0.5649657 -0.21342467 0.90185225 0.41368076 0.5432738 0.42152408 -0.2558267 -0.16021569 -0.65322316 0.6020897 0.20867884 0.30129036 -0.54200345
